[[[0.004157181829214096,0.007988388650119305,0.010643770918250084,0.01293445285409689,0.013059733435511589,0.010930010117590427,0.008637966588139534,0.004537035711109638],
[0.007364291697740555,0.015640662983059883,0.02272319234907627,0.02879563719034195,0.02891806699335575,0.022971685975790024,0.016893917694687843,0.008003457449376583],
[0.008523029275238514,0.019698841497302055,0.030822010710835457,0.03974390774965286,0.03949819505214691,0.030107926577329636,0.020513378083705902,0.009138579480350018],
[0.009013980627059937,0.02133427932858467,0.03375378996133804,0.04314243793487549,0.04187290370464325,0.03160955011844635,0.021364912390708923,0.009528600610792637],
[0.008569806814193726,0.019460473209619522,0.029532894492149353,0.03700578957796097,0.035670604556798935,0.02750132419168949,0.019502319395542145,0.009201204404234886],
[0.007580438628792763,0.015673253685235977,0.0217618215829134,0.02611253410577774,0.025257058441638947,0.02057843841612339,0.016025887802243233,0.008282765746116638],
[0.0069968802854418755,0.01279128435999155,0.015309985727071762,0.01705138199031353,0.01685906946659088,0.015125936828553677,0.013566575944423676,0.007561449892818928],
[0.004241315647959709,0.00715868454426527,0.007796730380505323,0.008407711051404476,0.008390077389776707,0.007852781563997269,0.007550802547484636,0.004571518860757351]],
[[0.004071980714797974,0.006747174076735973,0.007286356762051582,0.007787601090967655,0.007876276038587093,0.007468889467418194,0.00728177884593606,0.0044296374544501305],
[0.006919209845364094,0.012078478932380676,0.013372208923101425,0.014433627016842365,0.014555447734892368,0.013703146018087864,0.013204595074057579,0.007622099947184324],
[0.008043469861149788,0.014405110850930214,0.01637456566095352,0.017684003338217735,0.017682256177067757,0.01651688851416111,0.015477563254535198,0.00875307060778141],
[0.009000270627439022,0.016269611194729805,0.01854155771434307,0.019748903810977936,0.0195466298609972,0.018200304359197617,0.01695254258811474,0.009628771804273129],
[0.009269630536437035,0.016828536987304688,0.01933070458471775,0.02049991860985756,0.020189926028251648,0.018810180947184563,0.01751648634672165,0.009992614388465881],
[0.00880008190870285,0.01605408638715744,0.018603717908263206,0.019702430814504623,0.019572705030441284,0.018398139625787735,0.017165478318929672,0.00977758876979351],
[0.00825820304453373,0.014868168160319328,0.016785483807325363,0.017623580992221832,0.017611702904105186,0.01683507300913334,0.01623956486582756,0.009360547177493572],
[0.0049612512812018394,0.008661328814923763,0.009505259804427624,0.010005821473896503,0.010088080540299416,0.009714844636619091,0.009463160298764706,0.005607742350548506]],
[[0.0037090610712766647,0.005813433788716793,0.005953029729425907,0.006161754485219717,0.006214951165020466,0.006052741780877113,0.00626275222748518,0.004033713601529598],
[0.005974567029625177,0.009840949438512325,0.010392795316874981,0.011198258958756924,0.011487689800560474,0.011076992377638817,0.011097508482635021,0.006688843946903944],
[0.006796735338866711,0.011802507564425468,0.013602065853774548,0.015408128499984741,0.016075998544692993,0.015185925178229809,0.014143715612590313,0.007989028468728065],
[0.008085687644779682,0.014632654376327991,0.017629196867346764,0.02035100758075714,0.021347396075725555,0.019804775714874268,0.01767570897936821,0.009691697545349598],
[0.009276872500777245,0.01747584529221058,0.022418571636080742,0.02685839682817459,0.02843158133327961,0.02577526681125164,0.021725496277213097,0.011586845852434635],
[0.009676409885287285,0.01880634017288685,0.025116709992289543,0.03059106133878231,0.032297518104314804,0.028997518122196198,0.023925770074129105,0.012462037615478039],
[0.009367957711219788,0.018058253452181816,0.023683635517954826,0.028619982302188873,0.03031182289123535,0.02761125937104225,0.0232622679322958,0.012176369316875935],
[0.005776920821517706,0.010947286151349545,0.013944428414106369,0.016518276184797287,0.017431573942303658,0.015999846160411835,0.013614412397146225,0.00725527061149478]],
[[0.0035304687917232513,0.00535523472353816,0.0051657818257808685,0.005108823534101248,0.005067085847258568,0.005035397130995989,0.00552843464538455,0.0037561513017863035],
[0.005501358769834042,0.008603236638009548,0.008279604837298393,0.008286508731544018,0.008101179264485836,0.007835973985493183,0.008582860231399536,0.0056686182506382465],
[0.00609330041334033,0.010118287988007069,0.010770522058010101,0.011273805983364582,0.010861602611839771,0.009830511175096035,0.009750527329742908,0.006001754198223352],
[0.007152939215302467,0.012660156935453415,0.014427204616367817,0.015463137999176979,0.014699563384056091,0.01266099326312542,0.011460738256573677,0.006610791198909283],
[0.008286548778414726,0.015443960204720497,0.01836397685110569,0.019830826669931412,0.018714096397161484,0.015754854306578636,0.01356020662933588,0.007480408065021038],
[0.00870694499462843,0.016616355627775192,0.0201550405472517,0.02182454988360405,0.020493723452091217,0.017172500491142273,0.014637778513133526,0.007981540635228157],
[0.00856055412441492,0.016110125929117203,0.0192408487200737,0.020664772018790245,0.019605686888098717,0.016842596232891083,0.014953294768929482,0.008313562721014023],
[0.005284770391881466,0.009687996469438076,0.011431344784796238,0.012333911843597889,0.011867907829582691,0.010332340374588966,0.009263649582862854,0.005327209364622831]],
[[0.00351981190033257,0.005544553976505995,0.005925363395363092,0.006741788238286972,0.0075464751571416855,0.007940616458654404,0.007939252071082592,0.004798794165253639],
[0.005571839865297079,0.009433827362954617,0.010983469896018505,0.014054283499717712,0.01706843450665474,0.018125908449292183,0.01692848838865757,0.009321623481810093],
[0.006005910690873861,0.01103605329990387,0.014719048514962196,0.021161183714866638,0.026958078145980835,0.027992941439151764,0.023892588913440704,0.012212767265737057],
[0.006598446983844042,0.0128848347812891,0.018699519336223602,0.028165467083454132,0.03618995100259781,0.03648994117975235,0.02936890348792076,0.01439465582370758],
[0.00684222811833024,0.013588983565568924,0.020318470895290375,0.030398646369576454,0.038482677191495895,0.03759494051337242,0.029976019635796547,0.014524494297802448],
[0.0066663543693721294,0.012936901301145554,0.018379049375653267,0.0263271052390337,0.032387394458055496,0.031471751630306244,0.025481656193733215,0.012508009560406208],
[0.006693727802485228,0.012066773138940334,0.015206295065581799,0.01936260052025318,0.022264083847403526,0.02172638475894928,0.018885288387537003,0.009868474677205086],
[0.004181491211056709,0.0072218733839690685,0.00812000036239624,0.009502789936959743,0.010297372937202454,0.010016899555921555,0.00923122651875019,0.005245991051197052]],
[[0.0034756569657474756,0.00528134498745203,0.0052986228838562965,0.005479623097926378,0.005700218956917524,0.005794735159724951,0.006148276850581169,0.004017795901745558],
[0.005325996316969395,0.008378878235816956,0.008566292002797127,0.009451243095099926,0.010450522415339947,0.010876460000872612,0.01128485519438982,0.006850223522633314],
[0.005475935060530901,0.008974093943834305,0.010098204016685486,0.012271873652935028,0.01453794538974762,0.015307528898119926,0.014882288873195648,0.008480694144964218],
[0.005759651772677898,0.009897393174469471,0.011985480785369873,0.015403720550239086,0.018794432282447815,0.019804082810878754,0.018498418852686882,0.01022765040397644],
[0.005955972243100405,0.010486755520105362,0.013232807628810406,0.017351262271404266,0.021294035017490387,0.022311145439743996,0.020614344626665115,0.011312447488307953],
[0.005920317489653826,0.010351286269724369,0.012855811975896358,0.01663220487535,0.020309602841734886,0.021278247237205505,0.01976882293820381,0.01082582212984562],
[0.00617938069626689,0.010387356393039227,0.011937431059777737,0.014550120569765568,0.017077570781111717,0.01787145622074604,0.017167173326015472,0.009624231606721878],
[0.003966531250625849,0.0065709687769412994,0.007041511591523886,0.008186032995581627,0.009269963018596172,0.009547923691570759,0.009311581961810589,0.005450096912682056]],
[[0.004626189358532429,0.00870971567928791,0.01063780952244997,0.011431914754211903,0.010252555832266808,0.008179649710655212,0.006936665158718824,0.004049277398735285],
[0.008188048377633095,0.0161456186324358,0.020100118592381477,0.0216149240732193,0.019132433459162712,0.014815864153206348,0.012147163040935993,0.006644857581704855],
[0.0092132817953825,0.018792930990457535,0.023853974416851997,0.025654276832938194,0.022484909743070602,0.017226383090019226,0.013426527380943298,0.0070396303199231625],
[0.009197224862873554,0.018623871728777885,0.02339465729892254,0.02487865649163723,0.0219881609082222,0.017218271270394325,0.013648029416799545,0.007235383614897728],
[0.008133558556437492,0.016004430130124092,0.01956157200038433,0.020743833854794502,0.01870042085647583,0.01529647409915924,0.012896680273115635,0.0070914216339588165],
[0.006844915449619293,0.012604020535945892,0.01466651912778616,0.015391173772513866,0.014417140744626522,0.012514459900557995,0.01144613977521658,0.006607444491237402],
[0.006399632431566715,0.010885076597332954,0.011649486608803272,0.01199267990887165,0.011668624356389046,0.010951235890388489,0.011002771556377411,0.0065876636654138565],
[0.003934822976589203,0.0063806986436247826,0.006452321074903011,0.006581984460353851,0.006531454157084227,0.006286668591201305,0.006560625974088907,0.004235055763274431]],
[[0.003579862415790558,0.005864850245416164,0.006801342125982046,0.008540719747543335,0.010277243331074715,0.010797291062772274,0.010004444979131222,0.005577463656663895],
[0.005695164669305086,0.010018826462328434,0.012415098026394844,0.01643788069486618,0.020245064049959183,0.0210859477519989,0.019076669588685036,0.010142476297914982],
[0.005979324225336313,0.011168762110173702,0.015082956291735172,0.020679470151662827,0.025463085621595383,0.025960827246308327,0.022506901994347572,0.011703647673130035],
[0.006262269802391529,0.011850623413920403,0.016122926026582718,0.021774716675281525,0.02602318488061428,0.025833511725068092,0.0222590584307909,0.01165687944740057],
[0.006221087649464607,0.011510052718222141,0.015002666972577572,0.01946151815354824,0.022566551342606544,0.022189142182469368,0.019446125254034996,0.010367223061621189],
[0.005959868431091309,0.010499726049602032,0.012668452225625515,0.01531311683356762,0.017034238204360008,0.01673310622572899,0.015322375111281872,0.008494020439684391],
[0.0061695510521531105,0.01025824248790741,0.011143352836370468,0.01232469268143177,0.013004564680159092,0.01287610363215208,0.012707732617855072,0.007383267395198345],
[0.003917241003364325,0.006351574789732695,0.006376404780894518,0.0067618475295603275,0.006977112032473087,0.006902461871504784,0.0070267957635223866,0.004381504841148853]],
[[0.003592290449887514,0.0056558214128017426,0.005816773511469364,0.006054480094462633,0.006117851007729769,0.005965851247310638,0.00614138413220644,0.00396686140447855],
[0.0056853280402719975,0.009340748190879822,0.009822158142924309,0.01051734946668148,0.010695140808820724,0.010226067155599594,0.010262290015816689,0.0062494585290551186],
[0.0060189468786120415,0.010350927710533142,0.011630997061729431,0.012814627960324287,0.013033387251198292,0.01210391242057085,0.011428462341427803,0.006656085141003132],
[0.00637586647644639,0.011272596195340157,0.013013087213039398,0.014470648020505905,0.014593105763196945,0.013268482871353626,0.012179667130112648,0.00694641750305891],
[0.006395402364432812,0.011366821825504303,0.013167609460651875,0.014548986218869686,0.014592157676815987,0.013200096786022186,0.012186986394226551,0.006976875476539135],
[0.0060687558725476265,0.010469866916537285,0.011817297898232937,0.012860883958637714,0.012858277186751366,0.011775962077081203,0.01122491154819727,0.006594880484044552],
[0.006113000214099884,0.010023167356848717,0.010585918091237545,0.011120551265776157,0.011128845624625683,0.010561361908912659,0.010756989941000938,0.0065377200953662395],
[0.00386370113119483,0.0061496165581047535,0.006132863461971283,0.0063340128399431705,0.006369381211698055,0.006168039981275797,0.00644196942448616,0.004155817441642284]],
[[0.003741285065189004,0.006130419205874205,0.006489056162536144,0.006644020322710276,0.0064057474955916405,0.005938408896327019,0.006008453667163849,0.0038499971851706505],
[0.006548452656716108,0.011791355907917023,0.013619019649922848,0.014491152949631214,0.013530280441045761,0.011484026908874512,0.010506849735975266,0.006167181767523289],
[0.008070302195847034,0.01594725251197815,0.020414359867572784,0.022663239389657974,0.02055199444293976,0.015996387228369713,0.01272095087915659,0.006770031992346048],
[0.009501131251454353,0.02005455270409584,0.027035536244511604,0.03040393814444542,0.027169544249773026,0.02036462165415287,0.014973711222410202,0.007512012496590614],
[0.009836486540734768,0.02125348336994648,0.029066052287817,0.032713569700717926,0.029047025367617607,0.02169037237763405,0.015831276774406433,0.00787235889583826],
[0.008828263729810715,0.018661556765437126,0.025139832869172096,0.02825053036212921,0.02528562769293785,0.01936446875333786,0.01474086381494999,0.007582542486488819],
[0.007756482809782028,0.014968020841479301,0.018532531335949898,0.02018093131482601,0.018615828827023506,0.015342118218541145,0.013199354521930218,0.0072866519913077354],
[0.004470493644475937,0.007839181460440159,0.008843053132295609,0.009398047812283039,0.008974726311862469,0.007902172394096851,0.007381794508546591,0.004450598265975714]]]